0000: 298 339 332 381
0001: 307 338 344 381
0002: 316 338 355 382
0003: 322 338 362 384
0004: 329 338 370 384
0005: 337 339 376 384
0006: 342 340 385 384
0007: 347 342 394 384
0008: 356 342 399 382
0009: 366 344 406 382
0010: 371 344 413 382
0011: 381 346 419 381
0012: 388 346 427 382
0013: 396 346 434 383
0014: 400 346 445 384
0015: 408 344 454 386
0016: 418 344 458 388
0017: 428 344 466 388
0018: 434 344 474 390
0019: 442 344 484 390
0020: 450 344 491 390
0021: 459 346 498 390
0022: 463 347 509 390
0023: 472 348 516 389
0024: 484 350 521 389
0025: 490 351 532 388
0026: 498 352 538 387
0027: 507 353 546 388
0028: 517 352 551 388
0029: 523 358 555 388
0030: 528 362 561 390
0031: 527 361 568 398
0032: 528 360 574 402
0033: 531 362 576 408
0034: 537 365 578 410
0035: 542 369 579 412
0036: 544 374 584 414
0037: 547 376 588 416
0038: 552 380 590 419
0039: 555 384 594 420
0040: 559 385 597 426
0041: 562 386 600 430
0042: 562 389 608 433
0043: 566 392 612 435
0044: 570 399 614 436
0045: 576 403 614 437
0046: 578 404 619 442
0047: 580 407 624 444
0048: 586 410 626 448
0049: 590 412 628 449
0050: 596 416 630 452
0051: 596 416 631 452
0052: 598 418 634 453
0053: 600 418 634 454
0054: 600 416 635 454
0055: 600 418 636 456
0056: 602 418 636 455
0057: 602 418 635 456
0058: 602 418 636 456
0059: 602 418 636 456
0060: 602 418 636 454
0061: 602 418 636 454
0062: 602 418 634 452
0063: 600 418 634 452
0064: 600 418 634 452
0065: 600 418 634 452
0066: 600 418 633 452
0067: 600 418 634 452
0068: 600 418 634 452
0069: 600 418 634 452
0070: 600 418 634 452
0071: 600 418 634 452
0072: 600 418 634 452
0073: 600 418 634 452
0074: 600 418 634 452
0075: 600 418 634 452
0076: 600 418 634 452
0077: 600 418 634 452
0078: 600 418 634 452
0079: 600 418 634 452
0080: 600 418 634 452
0081: 600 418 634 452
0082: 600 418 634 452
0083: 600 418 634 452
0084: 600 418 634 452
0085: 600 418 634 452
0086: 600 418 634 452
0087: 600 418 634 452
0088: 600 418 634 452
0089: 600 418 634 452
0090: 600 418 634 452
0091: 600 418 634 452
0092: 600 418 634 452
0093: 600 418 634 452
0094: 600 418 634 452
0095: 600 418 634 452
0096: 600 418 634 452
0097: 600 418 634 452
0098: 600 418 634 452
0099: 600 418 634 452
0100: 600 418 634 452
0101: 600 418 634 452
0102: 600 418 634 452
0103: 600 418 634 452
0104: 600 418 634 452
0105: 600 418 634 452
0106: 600 418 634 452
0107: 600 418 634 452
0108: 600 418 634 452
0109: 600 418 634 452
0110: 600 418 634 452
0111: 600 418 634 452
0112: 600 418 634 452
0113: 600 418 634 452
0114: 600 418 634 452
0115: 600 418 634 452
0116: 600 418 634 452
0117: 600 418 634 452
0118: 600 418 634 452
0119: 600 418 634 452
0120: 600 418 634 452
0121: 600 418 634 452
0122: 600 418 634 452
0123: 600 418 634 452
0124: 600 418 634 452
0125: 600 418 634 452
0126: 600 418 634 452
0127: 600 418 634 452
0128: 600 418 634 452
0129: 600 418 634 452
0130: 600 418 634 452
0131: 600 418 634 452
0132: 600 418 634 452
0133: 600 418 634 452
0134: 600 418 634 452
0135: 600 418 634 452
0136: 600 418 634 452
0137: 600 418 634 452
0138: 600 418 634 452
0139: 600 418 634 452
0140: 600 418 634 452
0141: 600 418 634 452
0142: 600 418 634 452
0143: 600 418 634 452
0144: 600 418 634 452
0145: 600 418 634 452
0146: 600 418 634 452
0147: 600 418 634 452
0148: 600 418 634 452
0149: 600 418 634 452
0150: 600 418 634 452
0151: 600 418 634 452
0152: 600 418 634 452
0153: 600 418 634 452
0154: 600 418 634 452
0155: 600 418 634 452
0156: 600 418 634 452
0157: 600 418 634 452
0158: 600 418 634 452
0159: 600 418 634 452
0160: 600 418 634 452
0161: 600 418 634 452
0162: 600 418 634 452
0163: 600 418 634 452
0164: 600 418 634 452
0165: 600 418 634 452
0166: 600 418 634 452
0167: 600 418 634 452
0168: 600 418 634 452
0169: 600 418 634 452
0170: 600 418 634 452
0171: 600 418 634 452
0172: 600 418 634 452
0173: 600 418 634 452
0174: 600 418 634 452
0175: 600 418 634 452
0176: 600 418 634 452
0177: 600 418 634 452
0178: 600 418 634 452
0179: 600 418 634 452
0180: 600 418 634 452
